8.791509 
9.634268 
9.404425 
9.5385 
9.615114 
9.308656 
9.442732 
9.404425 
9.5385 
9.749189 
9.787497 
9.940725 
9.710882 
9.097966 
9.289502 
9.768343 
9.232041 
9.136273 
9.404425 
9.634268 
9.634268 
9.883265 
9.864111 
9.346964 
9.404425 
9.212888 
8.791509 
8.6574335 
9.078813 
10.208876 
8.6574335 
8.695741 
8.42759 
8.274361 
8.37013 
8.810662 
9.002198 
9.615114 
9.442732 
9.174581 
9.346964 
8.925584 
8.1402855 
7.699753 
8.791509 
10.228029 
10.189722 
9.864111 
9.481039 
9.404425 
9.251195 
9.155427 
8.829816 
8.868123 
9.634268 
9.959879 
9.404425 
9.595961 
9.615114 
9.346964 
9.481039 
9.710882 
9.212888 
9.346964 
9.519346 
9.576807 
9.921572 
10.994174 
11.702858 
13.196839 
14.709975 
14.269443 
11.836933 
6.9144545 
1.8962077 
0.11492168 
0.19153613 
0.45968673 
1.1683705 
7.7572136 
18.215086 
19.460072 
19.460072 
13.445837 
4.003105 
-3.86903 
-8.734048 
-7.967903 
-5.2863975 
2.0685902 
17.525557 
19.460072 
19.460072 
17.104177 
5.9759274 
-2.681506 
-9.002198 
-9.730036 
-7.469909 
-3.4859576 
10.400413 
19.460072 
19.460072 
19.460072 
18.138472 
7.1251445 
-3.122039 
-8.848969 
-8.523358 
-6.2249246 
2.4133554 
17.640478 
19.460072 
19.460072 
18.272547 
7.469909 
-3.4284968 
-11.894394 
-12.411542 
-9.11712 
0.61291564 
16.472107 
19.460072 
19.460072 
19.460072 
14.939818 
3.86903 
-7.431602 
-15.801731 
-15.361198 
-7.2783732 
11.358093 
19.460072 
19.460072 
19.460072 
16.280571 
1.3024458 
-11.587936 
-19.28769 
-15.8783455 
-3.7541082 
15.20797 
19.460072 
19.460072 
19.460072 
10.802638 
-5.497087 
-16.85518 
-17.410635 
-9.576807 
7.469909 
19.460072 
19.460072 
19.460072 
17.48725 
2.777274 
-12.794614 
-19.6133 
-19.498379 
-12.583924 
6.9719152 
19.440918 
19.460072 
19.460072 
18.981232 
5.497087 
-11.60709 
-19.460072 
-19.6133 
-15.68681 
1.6472107 
19.057846 
19.460072 
19.460072 
19.153614 
6.703765 
-11.415554 
-19.6133 
-19.6133 
-16.203957 
1.7621324 
18.674774 
19.460072 
19.460072 
19.460072 
9.634268 
-8.485051 
-19.306843 
-19.6133 
-16.778566 
4.060566 
19.460072 
19.460072 
19.460072 
18.061857 
0.7661445 
-16.874334 
-19.6133 
-19.40261 
-2.7389667 
18.86631 
19.460072 
19.460072 
19.28769 
6.5696893 
-13.388376 
-19.6133 
-19.6133 
-10.266336 
15.667656 
19.460072 
19.460072 
19.460072 
10.457873 
-9.232041 
-19.498379 
-19.6133 
-18.962078 
0.19153613 
19.057846 
19.460072 
19.460072 
18.770542 
6.588843 
-10.247183 
-19.40261 
-19.6133 
-15.05474 
9.404425 
19.460072 
19.460072 
19.460072 
11.932701 
-5.746084 
-18.693928 
-19.6133 
-17.429789 
1.091756 
18.92377 
19.460072 
19.460072 
19.211075 
6.6654577 
-8.925584 
-18.86631 
-19.6133 
-17.870321 
-1.1875241 
17.81286 
19.460072 
19.460072 
19.460072 
13.024457 
-4.3287168 
-17.659632 
-19.6133 
-18.119318 
-1.532289 
18.08101 
19.460072 
19.460072 
19.460072 
11.530476 
-2.585738 
-15.073894 
-19.6133 
-19.230228 
-8.542512 
11.128249 
19.460072 
19.460072 
19.460072 
17.985243 
3.5051112 
-11.951855 
-18.617311 
-4.1180267 
15.763424 
19.460072 
19.460072 
19.460072 
14.288596 
-3.964798 
-18.195932 
-19.6133 
-19.6133 
-11.128249 
8.599973 
19.460072 
19.460072 
19.460072 
19.153614 
5.401319 
-13.828909 
-19.6133 
-19.6133 
-16.874334 
1.934515 
18.540697 
19.460072 
19.460072 
19.460072 
12.660539 
-5.6886234 
-19.172768 
-19.6133 
-19.057846 
-4.462792 
16.950949 
19.460072 
19.460072 
19.460072 
9.576807 
-8.887277 
-19.019539 
-19.6133 
-16.4338 
2.7964275 
18.885464 
19.460072 
19.460072 
19.077 
7.1634517 
-7.489063 
-18.061857 
-19.6133 
-16.127342 
5.267244 
19.460072 
19.460072 
19.460072 
19.172768 
7.565677 
-8.063671 
-18.693928 
-19.6133 
-16.395493 
-1.2066777 
15.610195 
19.460072 
19.460072 
19.460072 
13.560759 
-3.1986535 
-15.763424 
-19.6133 
-18.732235 
1.8579005 
19.460072 
19.460072 
19.460072 
11.33894 
2.5474305 
-6.3206925 
-13.541605 
-16.01242 
-11.492168 
2.1452048 
17.697939 
19.460072 
18.80885 
15.648502 
12.430696 
9.174581 
6.339846 
4.232949 
8.063671 
10.247183 
11.473015 
10.91756 
12.392388 
16.721106 
15.514427 
12.966996 
12.871228 
10.43872 
7.029376 
1.8004397 
-0.076614454 
1.7621324 
1.091756 
9.749189 
19.383457 
19.460072 
19.34515 
11.453861 
3.7541082 
-4.673482 
-12.047623 
-14.882358 
-8.561666 
6.531382 
19.13446 
19.460072 
19.460072 
16.893488 
4.999093 
-2.9879637 
-12.966996 
-17.353174 
-12.50731 
-2.2601264 
12.354081 
19.460072 
19.460072 
19.460072 
9.404425 
-4.4436383 
-14.537593 
-19.536686 
-15.552734 
1.2258313 
16.376339 
19.460072 
19.460072 
19.421764 
8.312668 
-2.4708161 
-14.441825 
-19.6133 
-18.904617 
-2.3750482 
13.982138 
19.460072 
19.460072 
19.460072 
17.429789 
4.0797195 
-7.240066 
-17.372328 
-19.6133 
-13.752295 
5.93762 
16.4338 
19.460072 
19.460072 
19.460072 
14.077906 
-0.842759 
-13.177686 
-18.981232 
-16.510414 
-1.3982137 
12.947843 
19.460072 
19.460072 
19.460072 
14.058752 
-1.2641385 
-12.392388 
-19.34515 
-19.460072 
-8.504205 
9.749189 
19.364304 
19.460072 
19.460072 
19.460072 
10.879252 
-3.5051112 
-12.315774 
-18.061857 
-15.47612 
-5.0182467 
10.457873 
19.460072 
19.460072 
19.460072 
17.448942 
4.903325 
-6.895301 
-12.124237 
-14.748282 
-11.683704 
-5.0374002 
7.201759 
18.80885 
19.460072 
19.460072 
19.460072 
13.062764 
1.9536686 
-3.2752678 
-7.872135 
-9.423578 
4.1946416 
7.5848308 
12.966996 
18.50239 
19.460072 
19.460072 
12.641385 
1.8962077 
-5.171476 
-10.304645 
-13.67568 
-8.829816 
4.175488 
17.946936 
19.460072 
19.460072 
19.460072 
16.625336 
6.3589997 
-2.96881 
-8.619126 
-12.220005 
-12.334928 
-6.301539 
4.596867 
13.752295 
16.874334 
19.421764 
19.460072 
19.460072 
19.460072 
18.617311 
12.334928 
5.056554 
-0.7086837 
-2.2984335 
-2.3942018 
-1.1109096 
2.681506 
7.73806 
14.652514 
19.460072 
19.460072 
18.176779 
10.994174 
4.501099 
-0.1340753 
-2.432509 
-3.1411927 
-2.6431987 
2.2601264 
10.132261 
17.563864 
19.460072 
19.460072 
19.096153 
14.614207 
8.810662 
2.4133554 
-3.0454245 
-5.2480903 
-5.841852 
-1.8579005 
4.9416323 
15.47612 
19.460072 
19.460072 
18.847157 
12.277467 
4.9799395 
-1.3790601 
-5.707777 
-7.1059904 
-0.6895301 
12.488156 
19.460072 
19.460072 
19.460072 
14.211981 
3.5051112 
-5.3438582 
-8.772355 
-7.297527 
-1.6089035 
8.599973 
18.847157 
19.460072 
19.460072 
16.989256 
8.00621 
-0.59376204 
-6.7612257 
-10.036493 
-8.772355 
0.1340753 
13.924677 
19.460072 
19.460072 
19.460072 
16.242264 
5.094861 
-2.2409728 
-9.021352 
-13.177686 
-11.836933 
-2.3175871 
13.579912 
19.460072 
19.460072 
19.460072 
15.591042 
3.6583402 
-5.2289367 
-11.453861 
-13.867216 
-10.266336 
0.91937345 
15.993267 
19.460072 
19.460072 
19.460072 
18.330008 
6.6846113 
-5.535394 
-12.124237 
-12.698846 
-7.5465236 
6.2823853 
19.019539 
19.460072 
19.460072 
18.330008 
8.446744 
-1.8579005 
-8.963891 
-13.005303 
-12.047623 
-1.8579005 
13.618219 
19.460072 
19.460072 
19.460072 
16.778566 
4.903325 
-3.6008794 
-9.461885 
-14.326903 
-12.679692 
-1.9919758 
15.26543 
19.460072 
19.460072 
19.460072 
15.1696615 
1.9728222 
-5.0757074 
-9.653421 
-11.319786 
-4.960786 
9.404425 
19.460072 
19.460072 
19.460072 
14.997279 
3.2944214 
-4.232949 
-9.672575 
-13.120225 
-10.994174 
3.5625722 
17.870321 
19.460072 
19.460072 
19.460072 
12.77546 
2.087744 
-6.129156 
-11.645397 
-13.215993 
-3.9073372 
15.016433 
19.460072 
19.460072 
19.460072 
15.227123 
5.305551 
-2.4899697 
-8.389283 
-12.124237 
-10.0748005 
3.371036 
18.253393 
19.460072 
19.460072 
19.460072 
15.763424 
4.807557 
-5.4779334 
-10.649409 
-11.932701 
-5.861006 
8.580819 
18.92377 
19.460072 
19.460072 
17.410635 
7.3549876 
1.6089035 
-4.2904096 
-11.894394 
-15.705963 
-8.236053 
8.90643 
19.460072 
19.460072 
19.460072 
19.325996 
11.109096 
0.11492168 
-6.4164605 
-11.109096 
-12.660539 
-6.4547677 
10.419566 
19.460072 
19.460072 
19.460072 
17.96609 
8.293514 
0.36391866 
-7.1059904 
-12.756307 
-14.001291 
-4.654328 
12.890382 
19.460072 
19.460072 
19.460072 
16.318878 
5.8801594 
-1.6089035 
-6.493075 
-10.304645 
-7.565677 
-0.40222588 
9.615114 
19.096153 
19.460072 
19.460072 
18.55985 
10.572795 
2.183512 
-4.6160207 
-8.42759 
-9.710882 
-2.8538885 
10.151415 
19.172768 
19.460072 
19.460072 
16.376339 
6.3781533 
-1.5705963 
-7.086837 
-8.734048 
-2.681506 
13.369223 
19.460072 
19.460072 
19.153614 
13.177686 
6.244078 
-0.7469909 
-6.8761473 
-10.208876 
-0.1340753 
16.318878 
19.460072 
19.460072 
16.031574 
9.825804 
6.703765 
3.620033 
1.6089035 
1.8579005 
5.056554 
8.446744 
10.170568 
11.262324 
11.645397 
11.81778 
11.300632 
10.6877165 
10.304645 
9.481039 
8.714894 
8.963891 
9.308656 
9.078813 
9.11712 
10.151415 
10.955867 
10.247183 
9.289502 
10.01734 
10.132261 
9.423578 
7.8529816 
8.1402855 
9.002198 
9.615114 
10.6877165 
11.319786 
9.097966 
8.312668 
8.178593 
8.293514 
8.350976 
8.772355 
9.500193 
8.42759 
6.9144545 
7.0102224 
7.1634517 
7.603985 
8.274361 
8.37013 
8.7532015 
9.251195 
9.212888 
9.346964 
9.155427 
9.423578 
9.3661175 
9.021352 
8.695741 
7.9104424 
8.42759 
8.619126 
8.159439 
8.485051 
8.523358 
9.059659 
9.308656 
9.232041 
8.676587 
8.734048 
8.63828 
8.772355 
