8.197746 
9.289502 
9.002198 
8.848969 
9.174581 
9.710882 
9.749189 
9.404425 
9.691729 
9.902418 
9.864111 
9.749189 
9.787497 
9.883265 
9.615114 
9.615114 
9.940725 
9.710882 
9.078813 
9.136273 
8.944737 
8.676587 
8.37013 
9.021352 
10.036493 
9.672575 
8.925584 
9.193734 
9.672575 
9.557653 
9.442732 
9.193734 
9.059659 
9.385271 
9.902418 
9.768343 
9.5385 
9.500193 
9.404425 
9.500193 
9.481039 
9.672575 
9.500193 
8.963891 
9.212888 
9.519346 
9.80665 
10.093954 
10.055647 
9.634268 
9.193734 
8.561666 
8.829816 
8.983045 
9.251195 
9.270349 
9.672575 
9.634268 
9.672575 
9.212888 
9.11712 
8.676587 
8.274361 
8.293514 
8.485051 
8.63828 
8.7532015 
9.11712 
8.848969 
8.42759 
8.619126 
10.611102 
9.385271 
8.734048 
7.8146744 
8.331821 
8.1402855 
9.174581 
9.021352 
8.829816 
8.944737 
9.021352 
8.561666 
8.6574335 
9.653421 
9.461885 
9.672575 
9.5385 
10.055647 
10.247183 
10.860099 
10.91756 
11.166556 
10.840945 
11.051635 
10.630256 
9.921572 
9.634268 
10.572795 
11.741165 
10.860099 
8.465898 
7.833828 
7.565677 
6.9527617 
7.067683 
7.7572136 
7.9487495 
8.485051 
8.580819 
8.580819 
7.9870567 
7.929596 
8.121132 
8.523358 
8.542512 
8.025364 
8.350976 
9.193734 
9.404425 
9.11712 
9.787497 
10.97502 
11.262324 
11.262324 
11.281479 
11.492168 
11.453861 
10.745177 
9.768343 
7.872135 
6.7612257 
6.83784 
7.029376 
7.335834 
7.8146744 
8.523358 
9.251195 
9.078813 
8.504205 
8.350976 
8.159439 
8.504205 
8.714894 
8.485051 
8.695741 
9.059659 
9.634268 
9.998186 
9.423578 
10.362105 
11.702858 
12.392388 
11.434708 
10.5919485 
10.70687 
10.534488 
11.204864 
10.5919485 
8.714894 
7.201759 
7.52737 
7.5465236 
7.565677 
8.063671 
9.002198 
9.442732 
9.059659 
8.236053 
7.8912888 
8.274361 
8.331821 
7.7189064 
7.393295 
8.101978 
8.734048 
9.481039 
9.136273 
9.136273 
9.672575 
10.381259 
11.070788 
11.511322 
11.070788 
10.5919485 
11.243171 
11.645397 
11.434708 
10.611102 
9.615114 
8.1402855 
7.2592196 
6.8569937 
7.7572136 
8.810662 
9.730036 
9.289502 
8.523358 
8.772355 
9.136273 
8.389283 
8.0445175 
7.776367 
8.082825 
8.542512 
8.465898 
8.848969 
9.346964 
10.477027 
11.319786 
11.990162 
12.679692 
12.200851 
11.511322 
11.166556 
11.33894 
12.564771 
11.990162 
9.251195 
7.431602 
6.8761473 
6.8569937 
7.1634517 
7.680599 
8.504205 
8.90643 
8.848969 
8.542512 
8.197746 
8.236053 
8.025364 
7.8529816 
7.8529816 
8.101978 
8.542512 
8.714894 
8.772355 
8.810662 
9.193734 
10.132261 
11.511322 
12.373235 
12.392388 
11.434708 
11.243171 
11.9135475 
12.220005 
12.315774 
10.70687 
8.580819 
6.6654577 
5.535394 
5.535394 
5.8801594 
6.493075 
7.699753 
8.121132 
8.063671 
8.465898 
9.270349 
9.844957 
9.902418 
9.136273 
9.270349 
9.040505 
9.059659 
9.691729 
10.342952 
10.936713 
11.836933 
12.430696 
12.334928 
11.990162 
11.741165 
11.319786 
10.898406 
11.051635 
10.553641 
8.542512 
7.297527 
6.5696893 
6.0142345 
6.3781533 
7.5465236 
8.101978 
8.446744 
8.465898 
8.734048 
8.561666 
8.121132 
8.1402855 
8.197746 
8.255207 
8.331821 
8.561666 
8.90643 
9.021352 
9.174581 
9.710882 
10.247183 
10.898406 
11.377247 
10.821792 
10.97502 
11.128249 
11.587936 
11.722012 
11.549629 
11.089942 
10.151415 
8.197746 
6.3206925 
5.93762 
6.2249246 
6.4739213 
6.9527617 
8.00621 
8.523358 
8.446744 
8.734048 
9.270349 
9.270349 
8.7532015 
8.465898 
8.542512 
8.676587 
9.136273 
9.155427 
9.385271 
9.423578 
9.442732 
9.998186 
10.189722 
10.5919485 
10.91756 
10.668563 
10.821792 
10.91756 
11.702858 
12.239159 
12.392388 
10.668563 
8.2169 
7.335834 
6.6654577 
6.83784 
6.933608 
7.642292 
8.599973 
9.461885 
9.32781 
9.059659 
8.791509 
8.580819 
8.025364 
7.776367 
7.8529816 
8.331821 
8.37013 
8.714894 
9.078813 
9.672575 
10.189722 
11.032481 
11.856087 
11.990162 
11.549629 
11.415554 
11.549629 
11.262324 
10.821792 
9.883265 
8.542512 
7.4507556 
6.5696893 
6.5505357 
7.431602 
8.1402855 
8.00621 
7.9487495 
8.350976 
8.389283 
8.772355 
8.791509 
8.695741 
8.772355 
9.021352 
9.251195 
9.423578 
9.691729 
10.342952 
10.821792 
12.08593 
12.143391 
11.894394 
11.319786 
10.534488 
10.649409 
11.204864 
11.511322 
11.530476 
9.80665 
8.523358 
7.795521 
7.52737 
7.680599 
8.37013 
8.159439 
7.8146744 
7.699753 
7.9104424 
7.9104424 
8.025364 
7.9487495 
8.197746 
8.408437 
8.312668 
8.580819 
8.868123 
9.155427 
9.481039 
9.883265 
10.304645 
10.955867 
11.204864 
11.128249 
10.668563 
10.764331 
11.281479 
11.87524 
11.702858 
9.959879 
8.197746 
7.2209125 
6.991069 
6.991069 
7.8146744 
8.274361 
8.293514 
8.159439 
8.542512 
8.580819 
8.542512 
8.350976 
8.37013 
8.772355 
9.174581 
9.32781 
9.595961 
9.883265 
10.304645 
10.97502 
11.281479 
11.319786 
10.994174 
10.955867 
11.377247 
11.33894 
11.741165 
11.262324 
9.672575 
8.159439 
7.680599 
7.795521 
8.0445175 
8.101978 
8.791509 
9.059659 
9.155427 
8.734048 
8.734048 
8.7532015 
8.714894 
8.504205 
8.676587 
9.021352 
9.040505 
9.155427 
9.251195 
9.346964 
9.232041 
9.615114 
9.864111 
10.132261 
10.228029 
10.534488 
9.9790325 
9.787497 
9.940725 
10.304645 
10.400413 
10.553641 
11.166556 
10.553641 
9.749189 
8.580819 
7.795521 
7.4124484 
7.7189064 
7.776367 
8.523358 
9.021352 
9.461885 
9.32781 
9.481039 
9.921572 
9.940725 
9.251195 
9.212888 
9.3661175 
9.270349 
9.442732 
10.266336 
10.381259 
10.228029 
9.768343 
9.768343 
9.768343 
9.730036 
10.132261 
10.5919485 
11.032481 
11.262324 
10.860099 
10.304645 
9.672575 
9.595961 
9.021352 
8.734048 
8.944737 
9.346964 
9.059659 
8.734048 
8.580819 
8.63828 
8.485051 
9.155427 
8.101978 
9.404425 
10.151415 
9.557653 
9.481039 
9.864111 
10.400413 
9.787497 
7.929596 
8.734048 
9.289502 
9.002198 
10.208876 
9.883265 
7.565677 
9.11712 
9.289502 
8.7532015 
8.734048 
9.346964 
9.653421 
10.0748005 
10.055647 
10.151415 
9.136273 
8.6574335 
8.772355 
8.983045 
8.983045 
9.136273 
